SPARK_MASTER_HOST='spark://spark-master:7077'


AGGREGATION_WINDOW_DAYS=1095
PROXIMITY_METERS=5000
LATTITUDE_TOP=30.66489757647602
LATTITUDE_BOTTOM=16.065200675506453
LONGITUDE_LEFT=26.826989782652404
LONGITUDE_RIGHT=38.376462723189036

